[###]HUD
relative_percentage=0.05 0.05
------------------
[###]healthbar
background=75 54 56
foreground=169 59 59
size=108 12
relative-percentage=0.084960938 0.0234375
------------------
[###]player-color
background=0 0 0
foreground=255 255 255
size=36 36
relative-percentage=0.020507813 0.01953125
------------------
[###]ammobar
background=75 54 56
foreground=30 81 119
size=108 12
relative-percentage=0.084960938 0.046875
------------------
