[###]HUD
color-0=75 54 56
color-1=207 198 184
color-2=169 59 59
aux-size=3
aux-0=0.05 0.85
aux-1=0.034 0.0195312
aux-2=0.01666 0.084
------------------
