[###]labyrinth-static
scale=2.000000
bounds=2024.000000 1024.000000
size=27
color=100 200 150

rect0-dim=0.0237154 0.046875 0.0474308 1.96875
rect0-abs-pos=0.023715 0.046875
rect0-base-info=-1
rect0-is-dynamic=NO

rect1-dim=0.0711462 1.92188 1.94466 0.09375
rect1-abs-pos=0.071146 1.921875
rect1-base-info=-1
rect1-is-dynamic=NO

rect2-dim=1.95257 0.046875 0.0632411 1.96875
rect2-abs-pos=1.952569 0.046875
rect2-base-info=-1
rect2-is-dynamic=NO

rect3-dim=0.0711462 0.046875 1.89723 0.09375
rect3-abs-pos=0.071146 0.046875
rect3-base-info=-1
rect3-is-dynamic=NO

rect4-dim=0.166008 0.703125 1.66008 0.0625
rect4-abs-pos=0.166008 0.703125
rect4-base-info=-1
rect4-is-dynamic=NO

rect5-dim=0.055336 0.890625 0.363636 0.0625
rect5-abs-pos=0.055336 0.890625
rect5-base-info=-1
rect5-is-dynamic=NO

rect6-dim=0.387352 0.921875 0.0316206 0.34375
rect6-abs-pos=0.387352 0.921875
rect6-base-info=-1
rect6-is-dynamic=NO

rect7-dim=0.387352 1.20312 1.10672 0.0625
rect7-abs-pos=0.387352 1.203125
rect7-base-info=-1
rect7-is-dynamic=NO

rect8-dim=0.476285 1.03125 0.126482 0.03125
rect8-abs-pos=0.476285 1.031250
rect8-base-info=-1
rect8-is-dynamic=YES
rect8-dynamic-info=0.476285 0.90625 0 0.234375 0 1 0 0 0

rect9-dim=0.703557 1.42188 0.0316206 0.3125
rect9-abs-pos=0.703557 1.421875
rect9-base-info=-1
rect9-is-dynamic=NO

rect10-dim=0.719368 1.42188 0.189723 0.0625
rect10-abs-pos=0.719368 1.421875
rect10-base-info=-1
rect10-is-dynamic=NO

rect11-dim=1.24111 1.48438 0.711462 0.0625
rect11-abs-pos=1.241107 1.484375
rect11-base-info=-1
rect11-is-dynamic=NO

rect12-dim=1.79447 1.17969 0.110672 0.03125
rect12-abs-pos=1.794466 1.179688
rect12-base-info=-1
rect12-is-dynamic=YES
rect12-dynamic-info=1.79447 0.847656 0 0.511719 0 1 0 0 0

rect13-dim=1.92095 0.890625 0.0474308 0.1875
rect13-abs-pos=1.920949 0.890625
rect13-base-info=-1
rect13-is-dynamic=NO

rect14-dim=1.60474 1.04688 0.110672 0.03125
rect14-abs-pos=1.604743 1.046875
rect14-base-info=-1
rect14-is-dynamic=NO

rect15-dim=0.055336 1.39062 0.189723 0.0625
rect15-abs-pos=0.055336 1.390625
rect15-base-info=-1
rect15-is-dynamic=NO

rect16-dim=0.27668 1.46093 0.0948617 0.03125
rect16-abs-pos=0.276680 1.460932
rect16-base-info=-1
rect16-is-dynamic=YES
rect16-dynamic-info=0.27668 1.40234 0 0.300776 0 -1 0 0 0

rect17-dim=0.134387 1.70312 0.0790514 0.03125
rect17-abs-pos=0.134387 1.703125
rect17-base-info=-1
rect17-is-dynamic=NO

rect18-dim=0.513834 1.73438 0.711462 0.0625
rect18-abs-pos=0.513834 1.734375
rect18-base-info=-1
rect18-is-dynamic=NO

rect19-dim=1.66798 1.67188 0.284585 0.09375
rect19-abs-pos=1.667984 1.671875
rect19-base-info=-1
rect19-is-dynamic=NO

rect20-dim=1.28063 0.421875 0.0316206 0.21875
rect20-abs-pos=1.280633 0.421875
rect20-base-info=-1
rect20-is-dynamic=YES
rect20-dynamic-info=0.84585 0.421875 0.62253 0 1 0 0 0 0

rect21-dim=0.213439 0.296875 0.537549 0.0625
rect21-abs-pos=0.213439 0.296875
rect21-base-info=-1
rect21-is-dynamic=NO

rect22-dim=0.0395257 0.421875 0.0632411 0.125
rect22-abs-pos=0.039526 0.421875
rect22-base-info=-1
rect22-is-dynamic=NO

rect23-dim=1.06719 0.328125 0.648221 0.0625
rect23-abs-pos=1.067194 0.328125
rect23-base-info=-1
rect23-is-dynamic=NO

rect24-dim=1.88933 0.390625 0.0948617 0.125
rect24-abs-pos=1.889328 0.390625
rect24-base-info=-1
rect24-is-dynamic=NO

rect25-dim=0.0711462 0.546875 0.189723 0.0625
rect25-abs-pos=0.071146 0.546875
rect25-base-info=1
rect25-is-dynamic=NO

rect26-dim=1.74704 1.89062 0.205534 0.03125
rect26-abs-pos=1.747036 1.890625
rect26-base-info=0
rect26-is-dynamic=NO

------------------
