[###]MANCORRA-static
scale=2.000000
bounds=2024.000000 1024.000000
size=23
color=100 200 150

rect0-dim=0.0237154 1.79688 0.110672 0.21875
rect0-abs-pos=0.023715 1.796875
rect0-base-info=-1
rect0-is-dynamic=NO

rect1-dim=1.90514 1.79688 0.0948617 0.21875
rect1-abs-pos=1.905138 1.796875
rect1-base-info=-1
rect1-is-dynamic=NO

rect2-dim=0.134387 1.98438 1.77075 0.03125
rect2-abs-pos=0.134387 1.984375
rect2-base-info=-1
rect2-is-dynamic=NO

rect3-dim=0.371542 1.70312 0.142292 0.03125
rect3-abs-pos=0.371542 1.703125
rect3-base-info=-1
rect3-is-dynamic=NO

rect4-dim=0.0711462 1.76562 0.0632411 0.03125
rect4-abs-pos=0.071146 1.765625
rect4-base-info=1
rect4-is-dynamic=NO

rect5-dim=1.90514 1.76562 0.0632411 0.03125
rect5-abs-pos=1.905138 1.765625
rect5-base-info=0
rect5-is-dynamic=NO

rect6-dim=1.60474 1.82812 0.173913 0.03125
rect6-abs-pos=1.604743 1.828125
rect6-base-info=-1
rect6-is-dynamic=NO

rect7-dim=1.43083 1.45312 0.126482 0.03125
rect7-abs-pos=1.430830 1.453125
rect7-base-info=-1
rect7-is-dynamic=NO

rect8-dim=0.640316 1.35938 0.110672 0.03125
rect8-abs-pos=0.640316 1.359375
rect8-base-info=-1
rect8-is-dynamic=NO

rect9-dim=0.924901 1.17188 0.316206 0.03125
rect9-abs-pos=0.924901 1.171875
rect9-base-info=-1
rect9-is-dynamic=NO

rect10-dim=0.259401 0.882098 0.110672 0.03125
rect10-abs-pos=0.385375 0.859375
rect10-base-info=-1
rect10-is-dynamic=YES
rect10-dynamic-info=-19.7628 -39.0625 197.628 390.625 0 0 1 0.250031 2335.97

rect11-dim=0.443506 0.641484 0.110672 0.03125
rect11-abs-pos=0.383399 0.863281
rect11-base-info=-1
rect11-is-dynamic=YES
rect11-dynamic-info=-19.7628 -39.0625 197.628 390.625 0 0 1 0.251612 2099.24

rect12-dim=1.63553 1.01608 0.126482 0.03125
rect12-abs-pos=1.749012 1.019531
rect12-base-info=-1
rect12-is-dynamic=YES
rect12-dynamic-info=-19.7628 -39.0625 197.628 390.625 0 0 1 0.224329 2342.07

rect13-dim=1.79532 0.760429 0.126482 0.03125
rect13-abs-pos=1.749012 1.015625
rect13-base-info=-1
rect13-is-dynamic=YES
rect13-dynamic-info=-19.7628 -39.0625 197.628 390.625 0 0 1 0.271112 2090.79

rect14-dim=1.27075 0.234375 0.332016 0.1875
rect14-abs-pos=1.270751 0.234375
rect14-base-info=-1
rect14-is-dynamic=YES
rect14-dynamic-info=0.0711462 0.234375 1.39328 0 -1 0 0 0 0

rect15-dim=0.529644 1.54688 0.110672 0.03125
rect15-abs-pos=0.529644 1.546875
rect15-base-info=-1
rect15-is-dynamic=NO

rect16-dim=1.55731 1.60938 0.0948617 0.03125
rect16-abs-pos=1.557312 1.609375
rect16-base-info=-1
rect16-is-dynamic=NO

rect17-dim=1.44664 0.453125 0.158103 0.03125
rect17-abs-pos=1.446640 0.453125
rect17-base-info=-1
rect17-is-dynamic=NO

rect18-dim=0.719368 0.453125 0.142292 0.03125
rect18-abs-pos=0.719368 0.453125
rect18-base-info=-1
rect18-is-dynamic=NO

rect19-dim=0.102767 0.484375 0.158103 0.03125
rect19-abs-pos=0.102767 0.484375
rect19-base-info=-1
rect19-is-dynamic=NO

rect20-dim=1.76285 0.578125 0.173913 0.03125
rect20-abs-pos=1.762846 0.578125
rect20-base-info=-1
rect20-is-dynamic=NO

rect21-dim=0.988142 0.34375 0.063241 0.03125
rect21-abs-pos=0.988142 0.343750
rect21-base-info=-1
rect21-is-dynamic=YES
rect21-dynamic-info=0.988142 0.285156 0 0.699219 0 1 0 0 0

rect22-dim=1.14625 0.273438 0.0632411 0.03125
rect22-abs-pos=1.146245 0.273438
rect22-base-info=-1
rect22-is-dynamic=YES
rect22-dynamic-info=1.14625 0.273438 0 0.710938 0 1 0 0 0

------------------
