[###]MANCORRA-static
scale=2.000000
bounds=2024.000000 1024.000000
size=25
color=100 200 150

rect0-dim=0.0237154 1.79688 0.110672 0.21875
rect0-abs-pos=0.023715 1.796875
rect0-base-info=-1
rect0-is-dynamic=NO

rect1-dim=1.90514 1.79688 0.0948617 0.21875
rect1-abs-pos=1.905138 1.796875
rect1-base-info=-1
rect1-is-dynamic=NO

rect2-dim=0.134387 1.98438 1.77075 0.03125
rect2-abs-pos=0.134387 1.984375
rect2-base-info=-1
rect2-is-dynamic=NO

rect3-dim=0.782609 0.65625 0.58498 0.28125
rect3-abs-pos=0.782609 0.656250
rect3-base-info=-1
rect3-is-dynamic=YES
rect3-dynamic-info=0.782609 0.488281 0 1.21484 0 -1 0 0 0

rect4-dim=0.782609 1.21875 0.58498 0.25
rect4-abs-pos=0.782609 1.218750
rect4-base-info=-1
rect4-is-dynamic=YES
rect4-dynamic-info=0.782609 0.296875 0 1.64453 0 1 0 0 0

rect5-dim=0.371542 1.70312 0.142292 0.03125
rect5-abs-pos=0.371542 1.703125
rect5-base-info=-1
rect5-is-dynamic=NO

rect6-dim=0.0869565 1.73438 0.0158103 0.0625
rect6-abs-pos=0.086957 1.734375
rect6-base-info=0
rect6-is-dynamic=NO

rect7-dim=0.0237154 1.76562 0.0632411 0.03125
rect7-abs-pos=0.023715 1.765625
rect7-base-info=0
rect7-is-dynamic=NO

rect8-dim=1.92095 1.73438 0.0158103 0.0625
rect8-abs-pos=1.920949 1.734375
rect8-base-info=1
rect8-is-dynamic=NO

rect9-dim=1.93676 1.76562 0.0632411 0.03125
rect9-abs-pos=1.936759 1.765625
rect9-base-info=1
rect9-is-dynamic=NO

rect10-dim=1.60474 1.82812 0.173913 0.03125
rect10-abs-pos=1.604743 1.828125
rect10-base-info=-1
rect10-is-dynamic=NO

rect11-dim=1.43083 1.45312 0.126482 0.03125
rect11-abs-pos=1.430830 1.453125
rect11-base-info=-1
rect11-is-dynamic=NO

rect12-dim=0.640316 1.35938 0.110672 0.03125
rect12-abs-pos=0.640316 1.359375
rect12-base-info=-1
rect12-is-dynamic=NO

rect13-dim=0.924901 1.17188 0.316206 0.03125
rect13-abs-pos=0.924901 1.171875
rect13-base-info=-1
rect13-is-dynamic=NO

rect14-dim=0.498336 0.74684 0.110672 0.03125
rect14-abs-pos=0.385375 0.859375
rect14-base-info=-1
rect14-is-dynamic=YES
rect14-dynamic-info=-19.7628 -39.0625 197.628 390.625 0 0 1 0.250031 1413.97

rect15-dim=0.368669 1.1132 0.110672 0.03125
rect15-abs-pos=0.383399 0.863281
rect15-base-info=-1
rect15-is-dynamic=YES
rect15-dynamic-info=-19.7628 -39.0625 197.628 390.625 0 0 1 0.251612 1177.24

rect16-dim=1.85522 0.940434 0.126482 0.03125
rect16-abs-pos=1.749012 1.019531
rect16-base-info=-1
rect16-is-dynamic=YES
rect16-dynamic-info=-19.7628 -39.0625 197.628 390.625 0 0 1 0.224329 1420.07

rect17-dim=1.75332 1.2866 0.126482 0.03125
rect17-abs-pos=1.749012 1.015625
rect17-base-info=-1
rect17-is-dynamic=YES
rect17-dynamic-info=-19.7628 -39.0625 197.628 390.625 0 0 1 0.271112 1168.79

rect18-dim=0.302372 0.234375 0.332016 0.1875
rect18-abs-pos=0.302372 0.234375
rect18-base-info=-1
rect18-is-dynamic=YES
rect18-dynamic-info=0.0711462 0.234375 1.39328 0 -1 0 0 0 0

rect19-dim=0.529644 1.54688 0.110672 0.03125
rect19-abs-pos=0.529644 1.546875
rect19-base-info=-1
rect19-is-dynamic=NO

rect20-dim=1.55731 1.60938 0.0948617 0.03125
rect20-abs-pos=1.557312 1.609375
rect20-base-info=-1
rect20-is-dynamic=NO

rect21-dim=1.44664 0.453125 0.158103 0.03125
rect21-abs-pos=1.446640 0.453125
rect21-base-info=-1
rect21-is-dynamic=NO

rect22-dim=0.719368 0.453125 0.142292 0.03125
rect22-abs-pos=0.719368 0.453125
rect22-base-info=-1
rect22-is-dynamic=NO

rect23-dim=0.102767 0.484375 0.158103 0.03125
rect23-abs-pos=0.102767 0.484375
rect23-base-info=-1
rect23-is-dynamic=NO

rect24-dim=1.76285 0.578125 0.173913 0.03125
rect24-abs-pos=1.762846 0.578125
rect24-base-info=-1
rect24-is-dynamic=NO

------------------
