[###]MAP1-static
scale=3.000000
bounds=2024.000000 1024.000000
size=23
color=100 200 150

rect0-dim=0.0355731 1.57031 0.0711462 1.45312
rect0-abs-pos=0.035573 1.570312
rect0-base-info=-1
rect0-is-dynamic=NO

rect1-dim=0.083004 2.13281 0.0474308 0.890625
rect1-abs-pos=0.083004 2.132812
rect1-base-info=-1
rect1-is-dynamic=NO

rect2-dim=0.083004 2.41406 0.640316 0.609375
rect2-abs-pos=0.083004 2.414062
rect2-base-info=-1
rect2-is-dynamic=NO

rect3-dim=2.12253 2.46094 0.56917 0.5625
rect3-abs-pos=2.122530 2.460938
rect3-base-info=-1
rect3-is-dynamic=NO

rect4-dim=2.6917 2.03906 0.166008 0.984375
rect4-abs-pos=2.691700 2.039062
rect4-base-info=-1
rect4-is-dynamic=NO

rect5-dim=2.85771 1.75781 0.166008 1.26562
rect5-abs-pos=2.857708 1.757812
rect5-base-info=-1
rect5-is-dynamic=NO

rect6-dim=2.57312 2.36719 0.0237154 0.09375
rect6-abs-pos=2.573123 2.367188
rect6-base-info=-1
rect6-is-dynamic=NO

rect7-dim=2.59684 2.41406 0.0948617 0.046875
rect7-abs-pos=2.596838 2.414062
rect7-base-info=-1
rect7-is-dynamic=NO

rect8-dim=0.130435 2.41406 0.0237154 0.046875
rect8-abs-pos=0.130435 2.414062
rect8-base-info=-1
rect8-is-dynamic=NO

rect9-dim=0.130435 2.36719 0.118577 0.046875
rect9-abs-pos=0.130435 2.367188
rect9-base-info=-1
rect9-is-dynamic=NO

rect10-dim=0.225296 2.32031 0.0237154 0.046875
rect10-abs-pos=0.225296 2.320312
rect10-base-info=-1
rect10-is-dynamic=NO

rect11-dim=0.978261 2.92969 0.189723 0.046875
rect11-abs-pos=0.978261 2.929688
rect11-base-info=-1
rect11-is-dynamic=YES
rect11-dynamic-info=0.889328 2.92969 0.827075 0 1 0 0 0 0

rect12-dim=0.960474 2.64844 0.189723 0.046875
rect12-abs-pos=0.960474 2.648438
rect12-base-info=-1
rect12-is-dynamic=YES
rect12-dynamic-info=0.818182 2.64844 0.927866 0 1 0 0 0 0

rect13-dim=0.717066 1.33616 0.166008 0.046875
rect13-abs-pos=1.517787 0.070312
rect13-base-info=-1
rect13-is-dynamic=YES
rect13-dynamic-info=1.41107 2.08594 296.443 585.938 0 0 1 2.02663 5183.97

rect14-dim=0.438735 0.632812 0.521739 0.046875
rect14-abs-pos=0.438735 0.632812
rect14-base-info=-1
rect14-is-dynamic=NO

rect15-dim=2.16996 0.585938 0.592885 0.046875
rect15-abs-pos=2.169960 0.585938
rect15-base-info=-1
rect15-is-dynamic=NO

rect16-dim=0.72332 1.00781 0.426877 0.046875
rect16-abs-pos=0.723320 1.007812
rect16-base-info=-1
rect16-is-dynamic=NO

rect17-dim=2.02767 1.00781 0.498024 0.046875
rect17-abs-pos=2.027668 1.007812
rect17-base-info=-1
rect17-is-dynamic=NO

rect18-dim=1.43478 2.74219 0.166008 0.046875
rect18-abs-pos=1.434783 2.742188
rect18-base-info=-1
rect18-is-dynamic=YES
rect18-dynamic-info=0.898221 2.74219 0.963439 0 1 0 0 0 0

rect19-dim=1.41107 0.878906 0.498024 0.1875
rect19-abs-pos=1.411067 0.878906
rect19-base-info=-1
rect19-is-dynamic=YES
rect19-dynamic-info=1.41107 0.287109 0 1.27734 0 1 0 0 0

rect20-dim=1.28656 1.03711 0.498024 0.1875
rect20-abs-pos=1.286561 1.037109
rect20-base-info=-1
rect20-is-dynamic=YES
rect20-dynamic-info=1.28656 1.03125 0 1.07812 0 1 0 0 0

rect21-dim=0.367589 1.33594 0.3083 0.421875
rect21-abs-pos=0.367589 1.335938
rect21-base-info=-1
rect21-is-dynamic=NO

rect22-dim=2.50198 1.33594 0.237154 0.328125
rect22-abs-pos=2.501976 1.335938
rect22-base-info=-1
rect22-is-dynamic=NO

------------------
