[###]map2-static
scale=2.000000
bounds=2024.000000 1024.000000
size=24
color=100 200 150

rect0-dim=0.166008 1.92188 1.66008 0.09375
rect0-abs-pos=0.166008 1.921875
rect0-base-info=-1
rect0-is-dynamic=NO

rect1-dim=0.0237154 1.57812 0.142292 0.09375
rect1-abs-pos=0.023715 1.578125
rect1-base-info=-1
rect1-is-dynamic=NO

rect2-dim=1.85771 1.54688 0.142292 0.09375
rect2-abs-pos=1.857708 1.546875
rect2-base-info=-1
rect2-is-dynamic=NO

rect3-dim=0.387352 1.26562 0.158103 0.0625
rect3-abs-pos=0.387352 1.265625
rect3-base-info=-1
rect3-is-dynamic=NO

rect4-dim=0.719368 1.48438 0.142292 0.0625
rect4-abs-pos=0.719368 1.484375
rect4-base-info=0
rect4-is-dynamic=NO

rect5-dim=1.19368 1.48438 0.126482 0.0625
rect5-abs-pos=1.193676 1.484375
rect5-base-info=1
rect5-is-dynamic=NO

rect6-dim=1.47826 1.17188 0.189723 0.0625
rect6-abs-pos=1.478261 1.171875
rect6-base-info=-1
rect6-is-dynamic=NO

rect7-dim=0.956522 1.70312 0.189723 0.21875
rect7-abs-pos=0.956522 1.703125
rect7-base-info=-1
rect7-is-dynamic=NO

rect8-dim=0.87747 1.85938 0.0948617 0.0625
rect8-abs-pos=0.877470 1.859375
rect8-base-info=-1
rect8-is-dynamic=NO

rect9-dim=1.14625 1.85938 0.0790514 0.09375
rect9-abs-pos=1.146245 1.859375
rect9-base-info=-1
rect9-is-dynamic=NO

rect10-dim=0.687747 0.953125 0.142292 0.0625
rect10-abs-pos=0.687747 0.953125
rect10-base-info=-1
rect10-is-dynamic=NO

rect11-dim=1.17787 0.890625 0.173913 0.0625
rect11-abs-pos=1.177866 0.890625
rect11-base-info=-1
rect11-is-dynamic=NO

rect12-dim=0.229249 0.578125 0.173913 0.09375
rect12-abs-pos=0.229249 0.578125
rect12-base-info=-1
rect12-is-dynamic=NO

rect13-dim=1.66798 0.484375 0.189723 0.0625
rect13-abs-pos=1.667984 0.484375
rect13-base-info=-1
rect13-is-dynamic=NO

rect14-dim=0.0237154 0.046875 0.0632411 1.96875
rect14-abs-pos=0.023715 0.046875
rect14-base-info=-1
rect14-is-dynamic=NO

rect15-dim=0.0869565 1.92188 0.221344 0.09375
rect15-abs-pos=0.086957 1.921875
rect15-base-info=-1
rect15-is-dynamic=NO

rect16-dim=1.81028 1.92188 0.189723 0.09375
rect16-abs-pos=1.810277 1.921875
rect16-base-info=-1
rect16-is-dynamic=NO

rect17-dim=1.95257 0.046875 0.0474308 1.9375
rect17-abs-pos=1.952569 0.046875
rect17-base-info=-1
rect17-is-dynamic=NO

rect18-dim=0.0711462 0.890625 0.142292 0.09375
rect18-abs-pos=0.071146 0.890625
rect18-base-info=-1
rect18-is-dynamic=NO

rect19-dim=1.87352 0.828125 0.142292 0.125
rect19-abs-pos=1.873518 0.828125
rect19-base-info=-1
rect19-is-dynamic=NO

rect20-dim=1.55731 1.64062 0.237154 0.28125
rect20-abs-pos=1.557312 1.640625
rect20-base-info=-1
rect20-is-dynamic=NO

rect21-dim=1.44664 1.79688 0.158103 0.125
rect21-abs-pos=1.446640 1.796875
rect21-base-info=-1
rect21-is-dynamic=NO

rect22-dim=0.387352 1.73438 0.284585 0.25
rect22-abs-pos=0.387352 1.734375
rect22-base-info=-1
rect22-is-dynamic=NO

rect23-dim=0.229249 1.85938 0.221344 0.0625
rect23-abs-pos=0.229249 1.859375
rect23-base-info=-1
rect23-is-dynamic=NO

------------------
