[###]newmain2-static
scale=1.000000
bounds=1012.000000 512.000000
size=18
color=100 200 150

rect0-dim=0.0118577 0.445312 0.130435 0.539062
rect0-abs-pos=0.011858 0.445312
rect0-base-info=-1
rect0-is-dynamic=NO

rect1-dim=0.0118577 0.703125 0.0118577 0.0234375
rect1-abs-pos=0.011858 0.703125
rect1-base-info=-1
rect1-is-dynamic=NO

rect2-dim=0.0118577 0.703125 0.332016 0.304688
rect2-abs-pos=0.011858 0.703125
rect2-base-info=-1
rect2-is-dynamic=NO

rect3-dim=0.3083 0.867188 0.26087 0.140625
rect3-abs-pos=0.308300 0.867188
rect3-base-info=-1
rect3-is-dynamic=NO

rect4-dim=0.272727 0.308593 0.106719 0.0234375
rect4-abs-pos=0.272727 0.308593
rect4-base-info=-1
rect4-is-dynamic=YES
rect4-dynamic-info=0.272727 0.212891 0 0.232422 0 -1 0 0 0

rect5-dim=0.830039 0.095703 0.0474308 0.0234375
rect5-abs-pos=0.830039 0.095703
rect5-base-info=-1
rect5-is-dynamic=YES
rect5-dynamic-info=0.579051 0.0957031 0.659091 0 -1 0 0 0 0

rect6-dim=0.924901 0.65625 0.0711462 0.328125
rect6-abs-pos=0.924901 0.656250
rect6-base-info=-1
rect6-is-dynamic=NO

rect7-dim=0.841897 0.9375 0.15415 0.0703125
rect7-abs-pos=0.841897 0.937500
rect7-base-info=-1
rect7-is-dynamic=NO

rect8-dim=0.889328 0.820312 0.0592885 0.164062
rect8-abs-pos=0.889328 0.820312
rect8-base-info=-1
rect8-is-dynamic=NO

rect9-dim=0.639927 0.559784 0.0355731 0.0234375
rect9-abs-pos=0.689213 0.444611
rect9-base-info=-1
rect9-is-dynamic=YES
rect9-dynamic-info=0.689213 0.374299 0 0.13742 0 1 1 0.150847 12376.5

rect10-dim=0.454545 0.763672 0.0948617 0.0234375
rect10-abs-pos=0.454545 0.763672
rect10-base-info=-1
rect10-is-dynamic=YES
rect10-dynamic-info=0.454545 0.212891 0 0.564453 0 1 0 0 0

rect11-dim=0.83498 0.890625 0.0237154 0.0234375
rect11-abs-pos=0.834980 0.890625
rect11-base-info=-1
rect11-is-dynamic=YES
rect11-dynamic-info=0.596838 0.890625 0.23913 0 -1 0 0 0 0

rect12-dim=0.769763 0.890625 0.0237154 0.0234375
rect12-abs-pos=0.769763 0.890625
rect12-base-info=-1
rect12-is-dynamic=YES
rect12-dynamic-info=0.582016 0.890625 0.271739 0 1 0 0 0 0

rect13-dim=0.011858 0.242189 0.0592885 0.0234375
rect13-abs-pos=0.011858 0.242189
rect13-base-info=-1
rect13-is-dynamic=YES
rect13-dynamic-info=0.0118577 0.210938 0 0.154297 0 -1 0 0 0

rect14-dim=0.960474 0.480469 0.0355731 0.0234375
rect14-abs-pos=0.960474 0.480469
rect14-base-info=-1
rect14-is-dynamic=YES
rect14-dynamic-info=0.960474 0.398438 0 0.179688 0 1 0 0 0

rect15-dim=0.80656 0.351806 0.0355731 0.0234375
rect15-abs-pos=0.771739 0.482422
rect15-base-info=-1
rect15-is-dynamic=YES
rect15-dynamic-info=-9.88142 -19.5312 98.8142 195.312 0 0 1 0.147639 3539.58

rect16-dim=0.724494 0.691976 0.0355731 0.0234375
rect16-abs-pos=0.671262 0.595993
rect16-base-info=-1
rect16-is-dynamic=YES
rect16-dynamic-info=0.66996 0.595993 0.064543 0 1 0 1 0.142418 3644.22

rect17-dim=0.664284 0.327286 0.0355731 0.0234375
rect17-abs-pos=0.760870 0.441406
rect17-base-info=-1
rect17-is-dynamic=YES
rect17-dynamic-info=-9.88142 -19.5312 98.8142 195.312 0 0 1 0.222416 3452.62

------------------
