[###]stolen-static
scale=3.000000
bounds=3036.000000 1536.000000
size=1
color=100 200 150

rect0-dim=0.0592885 2.55469 2.917 0.28125
rect0-abs-pos=0.059289 2.554688
rect0-base-info=-1
rect0-is-dynamic=NO

------------------
